Varroa Population Simulation - Sep 06,2018  04:50:36 PM
VarroaPop Version 3.2.8.16 September 2018

                                        Capped  Capped                                                                      Prop           Conc          Conc                                             
            Colony  Adult  Adult         Drone   Wkr    Drone  Wkr    Drone  Wkr  Free   DBrood WBrood DMite  WMite  Mites  Mites  Colony Pollen Colony Nectar   Dead   Dead   Dead   Dead   Dead    Queen      Ave
     Date   Size   Drones   Wkr   Forgrs Brood  Brood   Larv   Larv    Eggs  Eggs Mites  Mites  Mites  /Cell  /Cell  Dying  Dying  Pollen  Pest  Nectar  Pest    DLarv  WLarv  DAdlt  WAdlt  Forgrs  Strength   Temp   Rain
Initial     10000      0   5670   3000      0      0      0      0      0      0      0      0      0   0.00   0.00      0   0.00    0.0  0.000    0.0  0.000      0      0      0      0      0      4.000    0.000  0.000
04/13/2015   9730      0   5400   2919      0      0      0      0      6    685      0      0      0   0.00   0.00      0   0.00 1338.0  0.000    0.0  0.000      0      0      0      0      0      4.000   15.980  0.000
04/14/2015   9460      0   5130   2838      0      0      0      0     11   1241      0      0      0   0.00   0.00      0   0.00 1316.5  0.000  390.3  0.000      0      0      0      0      0      4.000   12.230  0.067
04/15/2015   9460      0   5130   2838      0      0      0      0     16   1720      0      0      0   0.00   0.00      0   0.00 1289.0  0.000  314.9  0.000      0      0      0      0      0      4.000   10.170  0.000
04/16/2015   9190      0   4860   2757      0      0      6    685     15   1601      0      0      0   0.00   0.00      0   0.00 1475.4  0.000  280.0  0.000      0      0      0      0      0      4.000   12.500  0.000
04/17/2015   8920      0   4590   2676      0      0     11   1241     17   1734      0      0      0   0.00   0.00      0   0.00 1656.7  0.000  245.8  0.000      0      0      0      0      0      4.000   16.140  0.197
04/18/2015   8650      0   4320   2595      0      0     16   1720     19   1934      0      0      0   0.00   0.00      0   0.00 1832.8  0.000  212.1  0.000      0      0      0      0      0      4.000   15.810  0.000
04/19/2015   8380      0   4050   2514      0      0     21   2286     21   2045      0      0      0   0.00   0.00      0   0.00 1998.4  0.000  179.0  0.000      0      0      0      0      0      4.000   15.760  0.000
04/20/2015   8380      0   3780   2514      0      0     28   2975     20   1971      0      0      0   0.00   0.00      0   0.00 1971.4  0.000  110.0  0.000      0      0      0      0      0      4.000   13.890  0.531
04/21/2015   8380      0   3510   2514      0    685     35   2969     17   1664      0      0      0   0.00   0.00      0   0.00 1945.2  0.000   18.2  0.000      0      0      0      0      0      4.000    7.270  0.047
04/22/2015   8380      0   3240   2514      0   1241     42   3090     14   1345      0      0      0   0.00   0.00      0   0.00 1919.9  0.000    0.0  0.000      0      0      0      0      0      4.000    6.740  0.126
04/23/2015   8380      0   2970   2514      6   1720     42   3226     11    971      0      0      0   0.00   0.00      0   0.00 1895.6  0.000    0.0  0.000      0      0      0      0      0      4.000    4.130  0.035
04/24/2015   8380      0   2700   2514     11   2286     41   3032     11    923      0      0      0   0.00   0.00      0   0.00 1870.6  0.000    0.0  0.000      0      0      0      0      0      4.000    5.680  0.000
04/25/2015   8380      0   2430   2514     16   2975     40   2701     14   1062      0      0      0   0.00   0.00      0   0.00 1844.7  0.000    0.0  0.000      0      0      0      0      0      4.000    9.150  0.004
04/26/2015   8380      0   2160   2514     21   3654     38   2263     17   1256      0      0      0   0.00   0.00      0   0.00 1817.8  0.000    0.0  0.000      0      0      0      0      0      4.000    7.630  0.382
04/27/2015   8380      0   1890   2514     28   4331     35   1910     19   1362      0      0      0   0.00   0.00      0   0.00 1790.0  0.000    0.0  0.000      0      0      0      0      0      4.000    7.340  0.000
04/28/2015   8380      0   1620   2514     35   4946     35   1792     20   1348      0      0      0   0.00   0.00      0   0.00 1761.5  0.000    0.0  0.000      0      0      0      0      0      4.000    8.280  0.000
04/29/2015   8380      0   1350   2514     42   5318     34   1855     25   1518      0      0      0   0.00   0.00      0   0.00 1732.6  0.000    0.0  0.000      0      0      0      0      0      4.000   10.620  0.000
04/30/2015   8380      0   1080   2514     48   5676     34   1927     30   1683      0      0      0   0.00   0.00      0   0.00 1701.5  0.000    0.0  0.000      0      0      0      0      0      4.000   10.200  0.012
05/01/2015   8380      0    810   2514     52   5917     38   2169     35   1876      0      0      0   0.00   0.00      0   0.00 1669.7  0.000    0.0  0.000      0      0      0      0      0      4.000   11.730  0.008
05/02/2015   8110      0    540   2433     56   6241     45   2450     40   2072      0      0      0   0.00   0.00      0   0.00 1827.3  0.000    0.0  0.000      0      0      0      0      0      4.000   14.270  0.000
05/03/2015   7840      0    270   2352     59   6738     53   2548     46   2357      0      0      0   0.00   0.00      0   0.00 1979.2  0.000    0.0  0.000      0      0      0      0      0      4.000   16.170  0.000
05/04/2015   8255      0    685   2476     63   6488     62   2789     52   2621      0      0      0   0.00   0.00      0   0.00 2137.6  0.000    0.0  0.000      0      0      0      0      0      4.000   17.740  0.000
05/05/2015   8811      0   1241   2643     70   6362     71   3160     56   2789      0      0      0   0.00   0.00      0   0.00 2115.6  0.000    0.0  0.000      0      0      0      0      0      4.000   18.530  0.283
05/06/2015   9020      0   1720   2706     76   6366     82   3557     60   2908      0      0      0   0.00   0.00      0   0.00 2298.7  0.000    0.0  0.000      0      0      0      0      0      4.000   19.360  0.004
05/07/2015   9322      6   2286   2796     76   6405     95   3892     62   2970      0      0      0   0.00   0.00      0   0.00 2486.1  0.000    0.0  0.000      0      0      0      0      0      4.000   19.880  0.000
05/08/2015   9746     11   2975   2923     79   6311    107   4266     62   3017      0      0      0   0.00   0.00      0   0.00 2679.8  0.000    0.0  0.000      0      0      0      0      0      4.000   20.770  0.000
05/09/2015  10160     16   3654   3048     85   6308    117   4589     60   3013      0      0      0   0.00   0.00      0   0.00 2879.5  0.000    0.0  0.000      0      0      0      0      0      4.000   20.590  0.008
05/10/2015  10572     21   4331   3171     91   6432    127   4790     58   2999      0      0      0   0.00   0.00      0   0.00 3085.3  0.000    0.0  0.000      0      0      0      0      0      4.000   20.930  0.028
05/11/2015  10924     28   4946   3277     97   6697    134   4926     56   2962      0      0      0   0.00   0.00      0   0.00 3296.4  0.000    0.0  0.000      0      0      0      0      0      4.000   21.200  0.028
05/12/2015  11303     35   5318   3390    106   7265    137   4981     50   2724      0      0      0   0.00   0.00      0   0.00 3258.7  0.000    0.0  0.000      0      0      0      0      0      4.000   15.110  0.295
05/13/2015  11668     42   5676   3500    116   7876    139   5000     42   2336      0      0      0   0.00   0.00      0   0.00 3221.8  0.000    0.0  0.000      0      0      0      0      0      4.000   11.250  0.000
05/14/2015  11635     48   5917   3490    129   8634    138   4980     35   2008      0      0      0   0.00   0.00      0   0.00 3456.9  0.000    0.0  0.000      0      0      0      0      0      4.000   12.450  0.000
05/15/2015  11693     52   6241   3507    145   9312    131   4735     37   2101      0      0      0   0.00   0.00      0   0.00 3683.8  0.000    0.0  0.000      0      0      0      0      0      4.000   18.250  0.000
05/16/2015  11924     56   6738   3577    162   9831    121   4319     41   2404      0      0      0   0.00   0.00      0   0.00 3915.8  0.000    0.0  0.000      0      0      0      0      0      4.000   20.570  0.071
05/17/2015  12362     59   7173   3708    180  10391    111   3975     44   2649      0      0      0   0.00   0.00      0   0.00 3873.1  0.000    0.0  0.000      0      0      0      0      0      4.000   21.030  0.280
05/18/2015  12526     63   7603   3757    196  10949    106   3837     44   2702      0      0      0   0.00   0.00      0   0.00 4119.7  0.000    0.0  0.000      0      0      0      0      0      4.000   21.320  0.000
05/19/2015  12746     70   8086   3823    208  11445    102   3761     40   2532      0      0      0   0.00   0.00      0   0.00 4376.7  0.000    0.0  0.000      0      0      0      0      0      4.000   16.290  0.059
05/20/2015  13357     76   8691   4007    221  11597     97   3900     33   2149      0      0      0   0.00   0.00      0   0.00 4337.2  0.000    0.0  0.000      0      0      0      0      0      4.000   10.670  0.000
05/21/2015  13958     82   9286   4187    233  11602     94   4203     25   1783      0      0      0   0.00   0.00      0   0.00 4296.0  0.000    0.0  0.000      0      0      0      0      0      4.000   11.270  0.008
05/22/2015  14372     90   9962   4311    238  11577     92   4285     23   1661      0      0      0   0.00   0.00      0   0.00 4585.6  0.000    0.0  0.000      0      0      0      0      0      4.000   13.270  0.000
05/23/2015  11674    101  10763    810    238  11626     88   3948     25   1818      0      0      0   0.00   0.00      0   0.00 4627.0  0.000    0.0  0.000      0      0      0      0      0      4.000   15.540  0.000
05/24/2015  12295    112  11643    540    238  11649     84   3582     18   1564      0      0      0   0.00   0.00      0   0.00 4624.9  0.000    0.0  0.000      0      0      0      0      0      4.000   19.520  0.004
05/25/2015  12978    125  11898    955    240  11605     78   3297      9   1171      0      0      0   0.00   0.00      0   0.00 4651.6  0.000    0.0  0.000      0      0      0      0      0      4.000   21.290  0.000
05/26/2015  13693    141  12311   1241    239  11539     72   3064      0    841      0      0      0   0.00   0.00      0   0.00 4698.3  0.000    0.0  0.000      0      0      0      0      0      4.000   21.330  0.000
05/27/2015  14709    158  12831   1720    236  11273     58   2614      0    949      0      0      0   0.00   0.00      0   0.00 4647.2  0.000    0.0  0.000      0      0      0      0      0      4.000   19.930  0.260
05/28/2015  15724    171  13267   2286    232  10784     43   2319      0   1224      0      0      0   0.00   0.00      0   0.00 4767.9  0.000    0.0  0.000      0      0      0      0      0      4.000   20.470  0.004
05/29/2015  16755    186  13594   2975    223  10305     32   2122      2   1479      0      0      0   0.00   0.00      0   0.00 4937.6  0.000    0.0  0.000      0      0      0      0      0      4.000   21.030  0.000
05/30/2015  17766    202  13910   3654    209   9921     25   1902      7   1781      0      0      0   0.00   0.00      0   0.00 5156.9  0.000    0.0  0.000      0      0      0      0      0      4.000   21.280  0.000
05/31/2015  18770    218  14221   4331    195   9603     18   1725     15   2023      0      0      0   0.00   0.00      0   0.00 5426.6  0.000    0.0  0.000      0      0      0      0      0      4.000   19.820  0.177
06/01/2015  19762    231  14585   4946    184   8907     11   2037     22   2086      0      0      0   0.00   0.00      0   0.00 5760.0  0.000    0.0  0.000      0      0      0      0      0      4.000   15.140  0.031
06/02/2015  20531    243  14970   5318    174   8368      7   2512     28   2071      0      0      0   0.00   0.00      0   0.00 6120.3  0.000    0.0  0.000      0      0      0      0      0      4.000   14.530  0.051
06/03/2015  21143    255  15212   5676    155   8108     15   2907     34   2131      0      0      0   0.00   0.00      0   0.00 6506.7  0.000    0.0  0.000      0      0      0      0      0      4.000   17.270  0.000
06/04/2015  21806    267  15622   5917    137   7848     24   3174     42   2376      0      0      0   0.00   0.00      0   0.00 6892.0  0.000    0.0  0.000      0      0      0      0      0      4.000   19.890  0.000
06/05/2015  22665    276  16148   6241    124   7491     35   3359     49   2646      0      0      0   0.00   0.00      0   0.00 7300.8  0.000    0.0  0.000      0      0      0      0      0      4.000   20.840  0.000
06/06/2015  23575    283  16554   6738    113   7183     49   3559     54   2780      0      0      0   0.00   0.00      0   0.00 7746.0  0.000    0.0  0.000      0      0      0      0      0      4.000   19.570  0.035
06/07/2015  24479    291  17015   7173    102   6980     66   3769     59   2889      0      0      0   0.00   0.00      0   0.00 8223.3  0.000    0.0  0.000      0      0      0      0      0      4.000   21.200  0.000
06/08/2015  25393    302  17488   7603     89   6812     82   3982     65   3004      0      0      0   0.00   0.00      0   0.00 8732.7  0.000    0.0  0.000      0      0      0      0      0      4.000   22.010  0.000
06/09/2015  26134    310  17738   7840     79   6737     96   4253     70   3093      0      0      0   0.00   0.00      0   0.00 8658.4  0.000    0.0  0.000      0      0      0      0      0      4.000   19.870  0.291
06/10/2015  26655    318  17646   7996     73   6902    110   4587     76   3215      0      0      0   0.00   0.00      0   0.00 9197.5  0.000    0.0  0.000      0      0      0      0      0      4.000   22.650  0.000
06/11/2015  27201    327  17588   8160     67   7160    125   4855     84   3390      0      0      0   0.00   0.00      0   0.00 9749.3  0.000    0.0  0.000      0      0      0      0      0      4.000   25.080  0.000
06/12/2015  27130    330  17523   8139     67   7452    138   4970     94   3606      0      0      0   0.00   0.00      0   0.00 10300.2  0.000    0.0  0.000      0      0      0      0      0      4.000   23.870  0.000
06/13/2015  26761    326  17392   8028     74   7730    152   5156     99   3671      0      0      0   0.00   0.00      0   0.00 10843.0  0.000    0.0  0.000      0      0      0      0      0      4.000   22.780  0.059
06/14/2015  27040    322  16795   8112     84   8376    167   5465     99   3626      0      0      0   0.00   0.00      0   0.00 10770.4  0.000    0.0  0.000      0      0      0      0      0      4.000   22.930  0.350
06/15/2015  27254    318  16073   8176     93   9170    183   5687    100   3645      0      0      0   0.00   0.00      0   0.00 10699.5  0.000    0.0  0.000      0      0      0      0      0      4.000   23.520  0.256
06/16/2015  27587    311  15444   8276    103   9893    197   5823    106   3731      0      0      0   0.00   0.00      0   0.00 10629.8  0.000    0.0  0.000      0      0      0      0      0      4.000   23.230  0.370
06/17/2015  27395    294  14836   8218    125  10520    207   5998    113   3804      0      0      0   0.00   0.00      0   0.00 11191.8  0.000    0.0  0.000      0      0      0      0      0      4.000   21.610  0.067
06/18/2015  27869    275  14327   8360    149  11161    218   6117    120   3865      0      0      0   0.00   0.00      0   0.00 11123.6  0.000    0.0  0.000      0      0      0      0      0      4.000   22.500  0.654
06/19/2015  27755    255  13906   8326    173  11804    233   6164    126   3915      0      0      0   0.00   0.00      0   0.00 11694.6  0.000    0.0  0.000      0      0      0      0      0      4.000   22.100  0.102
06/20/2015  27748    234  13604   8324    201  12345    244   6196    132   3997      0      0      0   0.00   0.00      0   0.00 12264.9  0.000    0.0  0.000      0      0      0      0      0      4.000   22.150  0.165
06/21/2015  28462    213  13351   8538    233  12809    254   6311    136   4045      0      0      0   0.00   0.00      0   0.00 12194.8  0.000    0.0  0.000      0      0      0      0      0      4.000   22.260  0.972
06/22/2015  28425    195  13030   8527    265  13344    265   6453    141   4116      0      0      0   0.00   0.00      0   0.00 12777.9  0.000    0.0  0.000      0      0      0      0      0      4.000   22.610  0.000
06/23/2015  28474    181  12951   8542    293  13919    277   6548    147   4193      0      0      0   0.00   0.00      0   0.00 13361.6  0.000    0.0  0.000      0      0      0      0      0      4.000   22.840  0.098
06/24/2015  28886    170  13146   8665    317  14409    291   6625    149   4179      0      0      0   0.00   0.00      0   0.00 13952.4  0.000    0.0  0.000      0      0      0      0      0      4.000   20.830  0.000
06/25/2015  29422    161  13398   8826    343  14772    306   6765    150   4161      0      0      0   0.00   0.00      0   0.00 14552.4  0.000    0.0  0.000      0      0      0      0      0      4.000   21.650  0.000
06/26/2015  30368    159  13496   9110    371  15138    318   6876    149   4111      0      0      0   0.00   0.00      0   0.00 14471.8  0.000    0.0  0.000      0      0      0      0      0      4.000   21.110  0.280
06/27/2015  31300    162  13522   9390    396  15544    327   6889    151   4097      0      0      0   0.00   0.00      0   0.00 14387.8  0.000    0.0  0.000      0      0      0      0      0      4.000   19.680  1.012
06/28/2015  32077    168  13638   9623    421  15880    336   6929    147   3939      0      0      0   0.00   0.00      0   0.00 15023.4  0.000    0.0  0.000      0      0      0      0      0      4.000   17.120  0.047
06/29/2015  32819    171  13798   9845    448  16179    341   6942    146   3819      0      0      0   0.00   0.00      0   0.00 15673.1  0.000    0.0  0.000      0      0      0      0      0      4.000   17.330  0.000
06/30/2015  33841    175  14083  10152    474  16567    346   6870    149   3833      0      0      0   0.00   0.00      0   0.00 15579.5  0.000    0.0  0.000      0      0      0      0      0      4.000   18.920  0.594
07/01/2015  34486    183  14704  10345    498  16858    347   6675    158   4001      0      0      0   0.00   0.00      0   0.00 16277.2  0.000    0.0  0.000      0      0      0      0      0      4.000   19.630  0.059
07/02/2015  35298    192  15405  10589    524  16968    346   6582    165   4146      0      0      0   0.00   0.00      0   0.00 16990.3  0.000    0.0  0.000      0      0      0      0      0      4.000   19.670  0.000
07/03/2015  35632    205  16028  10689    551  17122    348   6542    169   4227      0      0      0   0.00   0.00      0   0.00 17709.0  0.000    0.0  0.000      0      0      0      0      0      4.000   20.240  0.000
07/04/2015  36247    226  16557  10874    571  17298    356   6565    171   4292      0      0      0   0.00   0.00      0   0.00 18439.1  0.000    0.0  0.000      0      0      0      0      0      4.000   21.130  0.043
07/05/2015  36870    251  17467  11061    590  17439    361   6631    175   4392      0      0      0   0.00   0.00      0   0.00 19181.8  0.000    0.0  0.000      0      0      0      0      0      4.000   21.940  0.000
07/06/2015  37472    276  18502  11241    606  17416    368   6830    176   4452      0      0      0   0.00   0.00      0   0.00 19936.3  0.000    0.0  0.000      0      0      0      0      0      4.000   21.830  0.000
07/07/2015  35191    300  19447  10557    623  17386    376   7038    175   4475      0      0      0   0.00   0.00      0   0.00 20640.7  0.000    0.0  0.000      0      0      0      0      0      4.000   22.020  0.000
07/08/2015  36489    332  20322  10946    638  17468    389   7190    165   4363      0      0      0   0.00   0.00      0   0.00 20532.3  0.000    0.0  0.000      0      0      0      0      0      4.000   21.730  0.449
07/09/2015  35837    367  21143  10751    652  17552    398   7281    158   4310      0      0      0   0.00   0.00      0   0.00 21249.0  0.000    0.0  0.000      0      0      0      0      0      4.000   22.650  0.110
07/10/2015  36195    406  21883  10858    666  17617    402   7367    148   4193      0      0      0   0.00   0.00      0   0.00 21972.2  0.000    0.0  0.000      0      0      0      0      0      4.000   22.090  0.012
07/11/2015  35599    445  22538  10679    683  17698    396   7326    143   4153      0      0      0   0.00   0.00      0   0.00 22682.1  0.000    0.0  0.000      0      0      0      0      0      4.000   21.900  0.000
07/12/2015  36024    487  23165  10807    697  17799    391   7299    134   4026      0      0      0   0.00   0.00      0   0.00 23400.4  0.000    0.0  0.000      0      0      0      0      0      4.000   21.990  0.012
07/13/2015  36716    530  23913  11014    709  17893    381   7168    128   3970      0      0      0   0.00   0.00      0   0.00 24133.0  0.000    0.0  0.000      0      0      0      0      0      4.000   22.330  0.165
07/14/2015  38181    570  24660  11454    722  17957    368   7027    125   3959      0      0      0   0.00   0.00      0   0.00 24018.2  0.000    0.0  0.000      0      0      0      0      0      4.000   23.130  0.508
07/15/2015  39567    608  25213  11870    736  18095    350   6850    124   3926      0      0      0   0.00   0.00      0   0.00 23901.0  0.000    0.0  0.000      0      0      0      0      0      4.000   20.850  0.713
07/16/2015  40396    649  25698  12118    744  18095    333   6775    126   3920      0      0      0   0.00   0.00      0   0.00 24711.5  0.000    0.0  0.000      0      0      0      0      0      4.000   20.950  0.000
07/17/2015  39407    689  26125  11822    750  18156    318   6676    131   4001      0      0      0   0.00   0.00      0   0.00 25501.1  0.000    0.0  0.000      0      0      0      0      0      4.000   23.630  0.000
07/18/2015  39879    723  26530  11963    752  18191    309   6583    134   4129      0      0      0   0.00   0.00      0   0.00 26300.9  0.000    0.0  0.000      0      0      0      0      0      4.000   24.720  0.016
07/19/2015  41143    757  26748  12342    752  18309    301   6542    135   4224      0      0      0   0.00   0.00      0   0.00 26181.5  0.000    0.0  0.000      0      0      0      0      0      4.000   24.630  0.280
07/20/2015  42430    789  26940  12729    749  18363    301   6651    134   4225      0      0      0   0.00   0.00      0   0.00 26060.1  0.000    0.0  0.000      0      0      0      0      0      4.000   24.070  0.445
07/21/2015  42173    820  27270  12651    744  18328    300   6742    137   4229      0      0      0   0.00   0.00      0   0.00 26909.7  0.000    0.0  0.000      0      0      0      0      0      4.000   22.770  0.004
07/22/2015  43083    845  27534  12924    739  18267    302   6807    136   4139      0      0      0   0.00   0.00      0   0.00 27779.0  0.000    0.0  0.000      0      0      0      0      0      4.000   20.820  0.000
07/23/2015  43971    870  27696  13191    731  18143    307   6950    135   4062      0      0      0   0.00   0.00      0   0.00 28667.0  0.000    0.0  0.000      0      0      0      0      0      4.000   21.090  0.000
07/24/2015  44818    899  27891  13445    720  18021    312   7051    137   4091      0      0      0   0.00   0.00      0   0.00 29572.6  0.000    0.0  0.000      0      0      0      0      0      4.000   22.970  0.000
07/25/2015  45639    927  28155  13691    705  17976    314   6945    145   4268      0      0      0   0.00   0.00      0   0.00 30495.5  0.000    0.0  0.000      0      0      0      0      0      4.000   23.860  0.000
07/26/2015  46880    951  28462  14064    692  17880    316   6883    152   4427      0      0      0   0.00   0.00      0   0.00 31444.5  0.000    0.0  0.000      0      0      0      0      0      4.000   23.790  0.008
07/27/2015  48174    974  28698  14452    682  17793    318   6918    157   4513      0      0      0   0.00   0.00      0   0.00 32420.8  0.000    0.0  0.000      0      0      0      0      0      4.000   23.680  0.110
07/28/2015  48954    999  28899  14686    668  17726    325   6988    164   4616      0      0      0   0.00   0.00      0   0.00 33413.4  0.000    0.0  0.000      0      0      0      0      0      4.000   24.820  0.063
07/29/2015  49877   1027  29021  14963    652  17746    333   7081    171   4724      0      0      0   0.00   0.00      0   0.00 34425.6  0.000    0.0  0.000      0      0      0      0      0      4.000   24.870  0.000
07/30/2015  50741   1050  29143  15222    640  17622    341   7292    176   4789      0      0      0   0.00   0.00      0   0.00 35455.3  0.000    0.0  0.000      0      0      0      0      0      4.000   23.820  0.126
07/31/2015  51435   1068  29177  15430    630  17595    352   7542    176   4752      0      0      0   0.00   0.00      0   0.00 36499.3  0.000    0.0  0.000      0      0      0      0      0      4.000   22.580  0.000
08/01/2015  52059   1079  29177  15617    623  17684    368   7714    177   4720      0      0      0   0.00   0.00      0   0.00 37556.6  0.000    0.0  0.000      0      0      0      0      0      4.000   22.770  0.000
08/02/2015  51246   1088  29124  15373    617  17864    382   7813    178   4707      0      0      0   0.00   0.00      0   0.00 38596.8  0.000    0.0  0.000      0      0      0      0      0      4.000   22.410  0.000
08/03/2015  52561   1090  29031  15768    619  18052    391   7867    178   4721      0      0      0   0.00   0.00      0   0.00 38455.9  0.000    0.0  0.000      0      0      0      0      0      4.000   22.660  0.280
08/04/2015  52995   1090  28943  15898    625  18238    400   7921    178   4712      0      0      0   0.00   0.00      0   0.00 39533.6  0.000    0.0  0.000      0      0      0      0      0      4.000   21.940  0.000
08/05/2015  53319   1086  28871  15995    635  18554    408   7904    179   4720      0      0      0   0.00   0.00      0   0.00 40618.9  0.000    0.0  0.000      0      0      0      0      0      4.000   22.060  0.000
08/06/2015  51613   1077  28790  15483    648  18856    412   7864    179   4678      0      0      0   0.00   0.00      0   0.00 41668.6  0.000    0.0  0.000      0      0      0      0      0      4.000   20.660  0.008
08/07/2015  52004   1068  28833  15601    664  19026    414   7844    175   4644      0      0      0   0.00   0.00      0   0.00 42726.8  0.000    0.0  0.000      0      0      0      0      0      4.000   21.490  0.126
08/08/2015  52267   1061  28903  15680    682  19177    416   7872    174   4676      0      0      0   0.00   0.00      0   0.00 43790.3  0.000    0.0  0.000      0      0      0      0      0      4.000   23.180  0.000
08/09/2015  52423   1053  29075  15726    698  19352    415   7822    179   4856      0      0      0   0.00   0.00      0   0.00 44857.3  0.000    0.0  0.000      0      0      0      0      0      4.000   25.420  0.000
08/10/2015  52605   1050  29239  15781    709  19508    413   7781    182   4942      0      0      0   0.00   0.00      0   0.00 45928.2  0.000    0.0  0.000      0      0      0      0      0      4.000   23.190  0.035
08/11/2015  54007   1044  29299  16202    725  19669    413   7827    178   4845      0      0      0   0.00   0.00      0   0.00 45786.1  0.000    0.0  0.000      0      0      0      0      0      4.000   20.900  0.268
08/12/2015  54117   1041  29213  16235    741  19925    416   7966    170   4611      0      0      0   0.00   0.00      0   0.00 46889.2  0.000    0.0  0.000      0      0      0      0      0      4.000   19.470  0.000
08/13/2015  54263   1038  29155  16278    753  20166    417   8003    167   4509      0      0      0   0.00   0.00      0   0.00 47995.4  0.000    0.0  0.000      0      0      0      0      0      4.000   20.290  0.000
08/14/2015  54441   1032  29163  16332    766  20256    413   7994    170   4603      0      0      0   0.00   0.00      0   0.00 49105.0  0.000    0.0  0.000      0      0      0      0      0      4.000   22.160  0.000
08/15/2015  54632   1019  29189  16389    784  20301    407   7933    174   4739      0      0      0   0.00   0.00      0   0.00 50217.5  0.000    0.0  0.000      0      0      0      0      0      4.000   22.020  0.012
08/16/2015  54856   1008  29190  16456    797  20415    405   7836    178   4852      0      0      0   0.00   0.00      0   0.00 51334.0  0.000    0.0  0.000      0      0      0      0      0      4.000   22.440  0.000
08/17/2015  55057   1000  29224  16517    804  20599    408   7741    181   4931      0      0      0   0.00   0.00      0   0.00 52454.9  0.000    0.0  0.000      0      0      0      0      0      4.000   23.700  0.000
08/18/2015  55307    993  29330  16592    813  20627    407   7730    180   4935      0      0      0   0.00   0.00      0   0.00 53580.8  0.000    0.0  0.000      0      0      0      0      0      4.000   21.850  0.004
08/19/2015  55560    985  29551  16668    824  20536    404   7843    179   4954      0      0      0   0.00   0.00      0   0.00 54711.6  0.000    0.0  0.000      0      0      0      0      0      4.000   22.610  0.000
08/20/2015  57144    981  29703  17143    829  20421    407   8061    173   4813      0      0      0   0.00   0.00      0   0.00 54560.2  0.000    0.0  0.000      0      0      0      0      0      4.000   20.480  0.457
08/21/2015  55932    982  29889  16779    827  20384    409   8156    170   4713      0      0      0   0.00   0.00      0   0.00 55697.0  0.000    0.0  0.000      0      0      0      0      0      4.000   19.280  0.000
08/22/2015  56093    991  30118  16827    823  20419    413   8194    164   4571      0      0      0   0.00   0.00      0   0.00 56836.2  0.000    0.0  0.000      0      0      0      0      0      4.000   19.620  0.000
08/23/2015  56328    999  30384  16898    820  20453    413   8135    164   4628      0      0      0   0.00   0.00      0   0.00 57979.5  0.000    0.0  0.000      0      0      0      0      0      4.000   21.640  0.000
08/24/2015  57908   1010  30640  17372    821  20515    409   8017    162   4656      0      0      0   0.00   0.00      0   0.00 57823.6  0.000    0.0  0.000      0      0      0      0      0      4.000   20.300  0.307
08/25/2015  58103   1025  30871  17430    820  20638    403   7834    156   4507      0      0      0   0.00   0.00      0   0.00 59008.0  0.000    0.0  0.000      0      0      0      0      0      4.000   16.590  0.000
08/26/2015  58329   1043  31178  17498    820  20668    399   7828    146   4253      0      0      0   0.00   0.00      0   0.00 60197.3  0.000    0.0  0.000      0      0      0      0      0      4.000   16.490  0.000
08/27/2015  58539   1060  31398  17561    824  20791    390   7719    141   4141      0      0      0   0.00   0.00      0   0.00 61390.9  0.000    0.0  0.000      0      0      0      0      0      4.000   17.820  0.000
08/28/2015  58861   1078  31514  17658    822  20807    379   7528    146   4343      0      0      0   0.00   0.00      0   0.00 62588.5  0.000    0.0  0.000      0      0      0      0      0      4.000   20.270  0.000
08/29/2015  57893   1098  31725  17367    820  20705    366   7368    156   4672      0      0      0   0.00   0.00      0   0.00 63765.4  0.000    0.0  0.000      0      0      0      0      0      4.000   22.710  0.000
08/30/2015  58217   1113  32030  17465    818  20506    358   7289    160   4866      0      0      0   0.00   0.00      0   0.00 64948.7  0.000    0.0  0.000      0      0      0      0      0      4.000   21.890  0.161
08/31/2015  58446   1122  32231  17533    817  20493    355   7243    160   4937      0      0      0   0.00   0.00      0   0.00 66137.1  0.000    0.0  0.000      0      0      0      0      0      4.000   22.080  0.004
09/01/2015  58551   1138  32341  17565    810  20516    358   7384    157   4927      0      0      0   0.00   0.00      0   0.00 67328.6  0.000    0.0  0.000      0      0      0      0      0      4.000   22.970  0.000
09/02/2015  58580   1157  32502  17574    803  20402    354   7648    156   4949      0      0      0   0.00   0.00      0   0.00 68521.0  0.000    0.0  0.000      0      0      0      0      0      4.000   22.720  0.000
09/03/2015  58611   1170  32678  17583    797  20237    353   7927    155   4961      0      0      0   0.00   0.00      0   0.00 69713.9  0.000    0.0  0.000      0      0      0      0      0      4.000   23.150  0.098
09/04/2015  58743   1179  32853  17622    788  20054    359   8170    152   4923      0      0      0   0.00   0.00      0   0.00 70908.8  0.000    0.0  0.000      0      0      0      0      0      4.000   23.390  0.071
09/05/2015  60364   1191  32973  18109    779  20006    364   8254    149   4881      0      0      0   0.00   0.00      0   0.00 70748.9  0.000    0.0  0.000      0      0      0      0      0      4.000   23.080  0.350
09/06/2015  60520   1202  33103  18156    771  20057    367   8216    148   4865      0      0      0   0.00   0.00      0   0.00 71981.3  0.000    0.0  0.000      0      0      0      0      0      4.000   23.450  0.000
09/07/2015  59397   1212  33271  17819    764  19989    365   8227    147   4857      0      0      0   0.00   0.00      0   0.00 73189.2  0.000    0.0  0.000      0      0      0      0      0      4.000   23.830  0.000
09/08/2015  59649   1220  33292  17894    761  20008    357   8198    145   4842      0      0      0   0.00   0.00      0   0.00 74402.4  0.000    0.0  0.000      0      0      0      0      0      4.000   23.930  0.008
09/09/2015  59959   1228  33333  17987    753  20030    355   8154    139   4744      0      0      0   0.00   0.00      0   0.00 75622.6  0.000    0.0  0.000      0      0      0      0      0      4.000   22.810  0.012
09/10/2015  58895   1236  33295  17668    743  20125    352   8135    130   4531      0      0      0   0.00   0.00      0   0.00 76820.2  0.000    0.0  0.000      0      0      0      0      0      4.000   20.400  0.000
09/11/2015  59071   1236  33253  17721    738  20256    345   8079    118   4186      0      0      0   0.00   0.00      0   0.00 78027.9  0.000    0.0  0.000      0      0      0      0      0      4.000   17.510  0.000
09/12/2015  60579   1236  33184  18173    730  20382    338   7975    102   3718      0      0      0   0.00   0.00      0   0.00 77862.7  0.000    0.0  0.000      0      0      0      0      0      4.000   14.340  0.516
09/13/2015  60907   1233  33216  18272    725  20378    327   7785     89   3279      0      0      0   0.00   0.00      0   0.00 79105.5  0.000    0.0  0.000      0      0      0      0      0      4.000   12.770  0.004
09/14/2015  61138   1230  33188  18341    720  20465    311   7400     85   3146      0      0      0   0.00   0.00      0   0.00 80352.3  0.000    0.0  0.000      0      0      0      0      0      4.000   15.290  0.000
09/15/2015  61072   1223  32979  18321    715  20732    291   6836     91   3359      0      0      0   0.00   0.00      0   0.00 81597.6  0.000    0.0  0.000      0      0      0      0      0      4.000   18.820  0.000
