Varroa Population Simulation - Sep 05,2018  02:41:01 PM
VarroaPop Version 3.2.8.16 September 2018

                                        Capped  Capped                                                                      Prop           Conc          Conc                                             
            Colony  Adult  Adult         Drone   Wkr    Drone  Wkr    Drone  Wkr  Free   DBrood WBrood DMite  WMite  Mites  Mites  Colony Pollen Colony Nectar   Dead   Dead   Dead   Dead   Dead    Queen      Ave
     Date   Size   Drones   Wkr   Forgrs Brood  Brood   Larv   Larv    Eggs  Eggs Mites  Mites  Mites  /Cell  /Cell  Dying  Dying  Pollen  Pest  Nectar  Pest    DLarv  WLarv  DAdlt  WAdlt  Forgrs  Strength   Temp   Rain
Initial     10000      0   5670   3000    344      0      0      0      0      0      0      0      0   0.00   0.00      0   0.00    0.0  0.000    0.0  0.000      0      0      0      0      0      4.000    0.000  0.000
03/01/2015  10008     24   5400   3002    320      0      0      0      0      0      0      0      0   0.00   0.00      0   0.00    0.0  0.000    0.0  0.000      0      0      0      0      0      4.000   -2.010  0.051
03/02/2015  10016     48   5130   3004    296      0      0      0      0      0      0      0      0   0.00   0.00      0   0.00    0.0  0.000    0.0  0.000      0      0      0      0      0      4.000   -5.650  0.134
03/03/2015  10024     72   4860   3007    272      0      0      0      0      0      0      0      0   0.00   0.00      0   0.00    0.0  0.000    0.0  0.000      0      0      0      0      0      4.000   -2.510  0.000
03/04/2015  10032     96   4590   3009    248      0      0      0      0      0      0      0      0   0.00   0.00      0   0.00    0.0  0.000    0.0  0.000      0      0      0      0      0      4.000   -1.270  0.760
03/05/2015  10039    120   4320   3011    224      0      0      0      0      0      0      0      0   0.00   0.00      0   0.00    0.0  0.000    0.0  0.000      0      0      0      0      0      4.000   -9.900  0.024
03/06/2015  10046    144   4050   3013    200      0      0      0      0      0      0      0      0   0.00   0.00      0   0.00    0.0  0.000    0.0  0.000      0      0      0      0      0      4.000   -16.580  0.000
03/07/2015  10053    168   3780   3015    176      0      0      0      0      0      0      0      0   0.00   0.00      0   0.00    0.0  0.000    0.0  0.000      0      0      0      0      0      4.000   -2.620  0.000
03/08/2015  10060    192   3510   3018    152      0      0      0      0     12      0      0      0   0.00   0.00      0   0.00    0.0  0.000    0.0  0.000      0      0      0      0      0      4.000   -0.050  0.000
03/09/2015  10067    216   3240   3020    128      0      0      0      0     12      0      0      0   0.00   0.00      0   0.00    0.0  0.000    0.0  0.000      0      0      0      0      0      4.000   -2.280  0.000
03/10/2015  10074    240   2970   3022    104      0      0      0      0     63      0      0      0   0.00   0.00      0   0.00    0.0  0.000    0.0  0.000      0      0      0      0      0      4.000    0.920  0.000
03/11/2015  10080    264   2700   3024     80      0      0     12      1    280      0      0      0   0.00   0.00      0   0.00    0.0  0.000    0.0  0.000      0      0      0      0      0      4.000    5.780  0.524
03/12/2015  10086    288   2430   3025     56      0      0     12      1    392      0      0      0   0.00   0.00      0   0.00    0.0  0.000    0.0  0.000      0      0      0      0      0      4.000    2.390  0.000
03/13/2015  10092    312   2160   3027     32      0      0     63      2    550      0      0      0   0.00   0.00      0   0.00    0.0  0.000    0.0  0.000      0      0      0      0      0      4.000    4.790  0.000
03/14/2015  10106    344   1890   3031      0      0      1    292      3    610      0      0      0   0.00   0.00      0   0.00    0.0  0.000    0.0  0.000      0      0      0      0      0      4.000    6.730  0.768
03/15/2015  10088    344   1620   3026      0      0      1    404      5    743      0      0      0   0.00   0.00      0   0.00    0.0  0.000    0.0  0.000      0      0      0      0      0      4.000    5.370  0.067
03/16/2015  10069    344   1350   3020      0     12      2    601      9   1011      0      0      0   0.00   0.00      0   0.00    0.0  0.000    0.0  0.000      0      0      0      0      0      4.000   11.400  0.000
03/17/2015  10050    344   1080   3015      0     12      4    890     12   1155      0      0      0   0.00   0.00      0   0.00    0.0  0.000    0.0  0.000      0      0      0      0      0      4.000    9.770  0.000
03/18/2015  10031    344    810   3009      0     63      6   1084     10    975      0      0      0   0.00   0.00      0   0.00    0.0  0.000    0.0  0.000      0      0      0      0      0      4.000    0.930  0.000
03/19/2015  10012    344    540   3003      0    292     11   1332      6    661      0      0      0   0.00   0.00      0   0.00    0.0  0.000    0.0  0.000      0      0      0      0      0      4.000    2.900  0.000
03/20/2015   9993    344    270   2997      0    404     16   1653      5    545      0      0      0   0.00   0.00      0   0.00    0.0  0.000    0.0  0.000      0      0      0      0      0      4.000    6.110  0.067
03/21/2015   9974    344      0   2992      1    613     15   1509     10    893      0      0      0   0.00   0.00      0   0.00    0.0  0.000    0.0  0.000      0      0      0      0      0      4.000    8.080  0.004
03/22/2015   9931    320      0   2979      1    902     16   1383     12    972      0      0      0   0.00   0.00      0   0.00    0.0  0.000    0.0  0.000      0      0      0      0      0      4.000    4.200  0.000
03/23/2015   9888    296      0   2966      2   1147     19   1455      8    728      0      0      0   0.00   0.00      0   0.00    0.0  0.000    0.0  0.000      0      0      0      0      0      4.000    0.900  0.000
03/24/2015   9845    272      0   2953      4   1624     22   1391      5    490      0      0      0   0.00   0.00      0   0.00    0.0  0.000    0.0  0.000      0      0      0      0      0      4.000    2.770  0.016
03/25/2015   9802    248      0   2940      6   2057     23   1200      9    767      0      0      0   0.00   0.00      0   0.00    0.0  0.000    0.0  0.000      0      0      0      0      0      4.000    9.770  0.106
03/26/2015   9759    224      0   2927     11   2122     18   1208     14   1109      0      0      0   0.00   0.00      0   0.00    0.0  0.000    0.0  0.000      0      0      0      0      0      4.000    7.360  0.197
03/27/2015   9716    200      0   2914     16   2285     15   1220     12    934      0      0      0   0.00   0.00      0   0.00    0.0  0.000    0.0  0.000      0      0      0      0      0      4.000   -1.040  0.146
03/28/2015   9673    176      0   2901     16   2602     22   1422      5    415      0      0      0   0.00   0.00      0   0.00    0.0  0.000    0.0  0.000      0      0      0      0      0      4.000   -5.160  0.004
03/29/2015   9642    152     12   2892     17   3003     26   1424      0      0      0      0      0   0.00   0.00      0   0.00    0.0  0.000    0.0  0.000      0      0      0      0      0      4.000   -2.770  0.000
03/30/2015   9599    128     12   2879     21   3245     22   1182      6    447      0      0      0   0.00   0.00      0   0.00    0.0  0.000    0.0  0.000      0      0      0      0      0      4.000    7.550  0.079
03/31/2015   9607    104     63   2882     26   3267     17   1109     14    952      0      0      0   0.00   0.00      0   0.00    0.0  0.000    0.0  0.000      0      0      0      0      0      4.000    8.610  0.012
04/01/2015   9812     80    292   2943     29   3213     14    934     20   1377      0      0      0   0.00   0.00      0   0.00    0.0  0.000    0.0  0.000      0      0      0      0      0      4.000    6.910  0.004
04/02/2015   9661     56    404   2898     29   3620     20    862     25   1638      0      0      0   0.00   0.00      0   0.00  186.1  0.000    0.0  0.000      0      0      0      0      0      4.000   12.610  0.000
04/03/2015   9846     32    613   2953     31   3826     26    952     30   1925      0      0      0   0.00   0.00      0   0.00  149.0  0.000    0.0  0.000      0      0      0      0      0      4.000   14.520  0.445
04/04/2015  10104      1    902   3031     37   3537     25   1377     29   1809      0      0      0   0.00   0.00      0   0.00  108.7  0.000    0.0  0.000      0      0      0      0      0      4.000    4.630  0.126
04/05/2015  10349      1   1147   3104     42   3292     31   2085     26   1595      0      0      0   0.00   0.00      0   0.00   68.0  0.000    0.0  0.000      0      0      0      0      0      4.000    7.890  0.000
04/06/2015  10827      2   1624   3248     41   2815     44   2877     24   1418      0      0      0   0.00   0.00      0   0.00   25.8  0.000    0.0  0.000      0      0      0      0      0      4.000   10.110  0.000
04/07/2015  11262      4   2057   3378     39   2829     49   2739     35   1981      0      0      0   0.00   0.00      0   0.00    0.0  0.000    0.0  0.000      0      0      0      0      0      4.000   15.490  0.240
04/08/2015  11090      6   2122   3327     37   3269     57   2728     44   2441      0      0      0   0.00   0.00      0   0.00  215.7  0.000    0.0  0.000      0      0      0      0      0      4.000   17.270  0.177
04/09/2015  11258     11   2285   3377     38   3531     62   2918     51   2822      0      0      0   0.00   0.00      0   0.00  184.9  0.000    0.0  0.000      0      0      0      0      0      4.000   18.330  0.996
04/10/2015  11580     16   2602   3474     41   3922     70   3082     51   2801      0      0      0   0.00   0.00      0   0.00  144.3  0.000    0.0  0.000      0      0      0      0      0      4.000   14.580  0.406
04/11/2015  11993     16   3015   3597     47   4301     81   3244     45   2425      0      0      0   0.00   0.00      0   0.00  101.2  0.000    0.0  0.000      0      0      0      0      0      4.000    8.900  0.000
04/12/2015  12236     17   3257   3670     57   4368     88   3931     38   2079      0      0      0   0.00   0.00      0   0.00   58.0  0.000    0.0  0.000      0      0      0      0      0      4.000   10.110  0.000
04/13/2015  12074     21   3330   3622     66   4789     91   4288     39   2164      0      0      0   0.00   0.00      0   0.00  297.5  0.000    0.0  0.000      0      0      0      0      0      4.000   15.980  0.000
04/14/2015  12015     26   3505   3604     66   5229     97   4251     42   2340      0      0      0   0.00   0.00      0   0.00  537.4  0.000    0.0  0.000      0      0      0      0      0      4.000   12.230  0.067
04/15/2015  12537     29   4024   3761     71   5582    100   4029     42   2333      0      0      0   0.00   0.00      0   0.00  495.7  0.000    0.0  0.000      0      0      0      0      0      4.000   10.170  0.000
04/16/2015  12713     29   4439   3813     82   6121    106   4011     39   2156      0      0      0   0.00   0.00      0   0.00  747.3  0.000    0.0  0.000      0      0      0      0      0      4.000   12.500  0.000
04/17/2015  12476     31   4439   3742     96   7117    104   3769     42   2314      0      0      0   0.00   0.00      0   0.00  994.9  0.000    0.0  0.000      0      0      0      0      0      4.000   16.140  0.197
04/18/2015  12244     38   4439   3673    106   7968     98   3561     48   2560      0      0      0   0.00   0.00      0   0.00 1240.5  0.000    0.0  0.000      0      0      0      0      0      4.000   15.810  0.000
04/19/2015  12010     43   4427   3603    119   8546     94   3742     50   2677      0      0      0   0.00   0.00      0   0.00 1483.9  0.000    0.0  0.000      0      0      0      0      0      4.000   15.760  0.000
04/20/2015  12457     43   4874   3737    135   8749     95   4004     47   2552      0      0      0   0.00   0.00      0   0.00 1445.7  0.000    0.0  0.000      0      0      0      0      0      4.000   13.890  0.531
04/21/2015  12962     43   5328   3888    146   9180    101   3957     38   2125      0      0      0   0.00   0.00      0   0.00 1403.9  0.000    0.0  0.000      0      0      0      0      0      4.000    7.270  0.047
04/22/2015  13387     43   5524   4016    157   9509    106   4079     29   1684      0      0      0   0.00   0.00      0   0.00 1358.8  0.000    0.0  0.000      0      0      0      0      0      4.000    6.740  0.126
04/23/2015  14101     49   6120   4230    168   9444    103   4223     20   1186      0      0      0   0.00   0.00      0   0.00 1310.9  0.000    0.0  0.000      0      0      0      0      0      4.000    4.130  0.035
04/24/2015  14901     57   6703   4470    174   9411     97   3926     19   1105      0      0      0   0.00   0.00      0   0.00 1259.2  0.000    0.0  0.000      0      0      0      0      0      4.000    5.680  0.000
04/25/2015  15215     62   6723   4564    179  10014     93   3449     23   1248      0      0      0   0.00   0.00      0   0.00 1215.4  0.000    0.0  0.000      0      0      0      0      0      4.000    9.150  0.004
04/26/2015  15720     73   6972   4716    182  10409     84   2849     28   1463      0      0      0   0.00   0.00      0   0.00 1169.6  0.000    0.0  0.000      0      0      0      0      0      4.000    7.630  0.382
04/27/2015  16347     85   7110   4904    186  10670     74   2354     31   1575      0      0      0   0.00   0.00      0   0.00 1121.0  0.000    0.0  0.000      0      0      0      0      0      4.000    7.340  0.000
04/28/2015  17222     88   7549   5166    198  10585     68   2145     32   1552      0      0      0   0.00   0.00      0   0.00 1069.6  0.000    0.0  0.000      0      0      0      0      0      4.000    8.280  0.000
04/29/2015  18182     94   8438   5454    206  10093     62   2187     38   1744      0      0      0   0.00   0.00      0   0.00 1016.2  0.000    0.0  0.000      0      0      0      0      0      4.000   10.620  0.000
04/30/2015  19184    100   9271   5755    209   9532     58   2245     44   1925      0      0      0   0.00   0.00      0   0.00  960.5  0.000    0.0  0.000      0      0      0      0      0      4.000   10.200  0.012
05/01/2015  20046    111   9805   6013    201   8970     62   2511     50   2129      0      0      0   0.00   0.00      0   0.00  902.7  0.000    0.0  0.000      0      0      0      0      0      4.000   11.730  0.008
05/02/2015  20402    128   9970   6120    191   8773     71   2826     56   2330      0      0      0   0.00   0.00      0   0.00 1316.7  0.000    0.0  0.000      0      0      0      0      0      4.000   14.270  0.000
05/03/2015  20830    145  10378   6249    178   8701     82   2922     64   2647      0      0      0   0.00   0.00      0   0.00 1739.8  0.000    0.0  0.000      0      0      0      0      0      4.000   16.170  0.000
05/04/2015  21539    157  11241   6461    169   8269     93   3177     73   2947      0      0      0   0.00   0.00      0   0.00 2178.3  0.000    0.0  0.000      0      0      0      0      0      4.000   17.740  0.000
05/05/2015  22299    163  11820   6689    169   8008    104   3581     78   3137      0      0      0   0.00   0.00      0   0.00 2112.7  0.000    0.0  0.000      0      0      0      0      0      4.000   18.530  0.283
05/06/2015  22711    171  11944   6813    168   7920    118   4017     82   3273      0      0      0   0.00   0.00      0   0.00 2567.7  0.000    0.0  0.000      0      0      0      0      0      4.000   19.360  0.004
05/07/2015  23248    188  12288   6974    161   7857    135   4380     85   3371      0      0      0   0.00   0.00      0   0.00 3032.9  0.000    0.0  0.000      0      0      0      0      0      4.000   19.880  0.000
05/08/2015  23933    200  13200   7179    159   7619    150   4793     90   3482      0      0      0   0.00   0.00      0   0.00 3511.9  0.000    0.0  0.000      0      0      0      0      0      4.000   20.770  0.000
05/09/2015  24587    204  14089   7376    164   7489    162   5161     93   3537      0      0      0   0.00   0.00      0   0.00 4004.5  0.000    0.0  0.000      0      0      0      0      0      4.000   20.590  0.008
05/10/2015  19617    213  14965   4439    166   7510    176   5421     94   3564      0      0      0   0.00   0.00      0   0.00 4281.0  0.000    0.0  0.000      0      0      0      0      0      4.000   20.930  0.028
05/11/2015  20421    230  15305   4886    167   7714    190   5628     73   3210      0      0      0   0.00   0.00      0   0.00 4590.3  0.000    0.0  0.000      0      0      0      0      0      4.000   21.200  0.028
05/12/2015  20900    247  15262   5391    172   8311    199   5751     52   2724      0      0      0   0.00   0.00      0   0.00 4533.1  0.000    0.0  0.000      0      0      0      0      0      4.000   15.110  0.295
05/13/2015  21351    263  15272   5816    180   8963    206   5848     30   2117      0      0      0   0.00   0.00      0   0.00 4476.4  0.000    0.0  0.000      0      0      0      0      0      4.000   11.250  0.000
05/14/2015  21648    271  14853   6494    193   9801    190   5565     30   1919      0      0      0   0.00   0.00      0   0.00 4919.9  0.000    0.0  0.000      0      0      0      0      0      4.000   12.450  0.000
05/15/2015  22029    271  14442   6608    212  10577    173   5104     37   2128      0      0      0   0.00   0.00      0   0.00 5362.2  0.000    0.0  0.000      0      0      0      0      0      4.000   18.250  0.000
05/16/2015  22608    272  14711   6782    233  11197    154   4483     50   2579      0      0      0   0.00   0.00      0   0.00 5817.4  0.000    0.0  0.000      0      0      0      0      0      4.000   20.570  0.071
05/17/2015  23106    266  14721   6931    258  11875    135   3947     62   2993      0      0      0   0.00   0.00      0   0.00 5753.3  0.000    0.0  0.000      0      0      0      0      0      4.000   21.030  0.280
05/18/2015  23593    260  14599   7077    283  12566    120   3668     71   3183      0      0      0   0.00   0.00      0   0.00 6234.6  0.000    0.0  0.000      0      0      0      0      0      4.000   21.320  0.000
05/19/2015  24154    266  14282   7246    303  12855    111   3852     71   3091      0      0      0   0.00   0.00      0   0.00 6721.9  0.000    0.0  0.000      0      0      0      0      0      4.000   16.290  0.059
05/20/2015  24852    268  14024   7455    324  12855    103   4216     66   2728      0      0      0   0.00   0.00      0   0.00 6646.7  0.000    0.0  0.000      0      0      0      0      0      4.000   10.670  0.000
05/21/2015  25525    267  13702   7657    325  12758    118   4734     61   2386      0      0      0   0.00   0.00      0   0.00 6567.8  0.000    0.0  0.000      0      0      0      0      0      4.000   11.270  0.008
05/22/2015  26280    263  13610   7884    323  12645    130   5024     65   2336      0      0      0   0.00   0.00      0   0.00 7093.3  0.000    0.0  0.000      0      0      0      0      0      4.000   13.270  0.000
05/23/2015  24574    262  13929   7372    316  12653    139   4816     78   2664      0      0      0   0.00   0.00      0   0.00 7585.2  0.000    0.0  0.000      0      0      0      0      0      4.000   15.540  0.000
05/24/2015  25150    260  14270   7545    311  12690    149   4541     89   3044      0      0      0   0.00   0.00      0   0.00 8095.5  0.000    0.0  0.000      0      0      0      0      0      4.000   19.520  0.004
05/25/2015  25969    262  14393   7790    310  12691    158   4367     97   3367      0      0      0   0.00   0.00      0   0.00 8620.8  0.000    0.0  0.000      0      0      0      0      0      4.000   21.290  0.000
05/26/2015  26819    273  14726   8045    310  12699    167   4297    102   3580      0      0      0   0.00   0.00      0   0.00 9163.3  0.000    0.0  0.000      0      0      0      0      0      4.000   21.330  0.000
05/27/2015  27959    286  15210   8387    309  12508    176   4494    106   3649      0      0      0   0.00   0.00      0   0.00 9085.7  0.000    0.0  0.000      0      0      0      0      0      4.000   19.930  0.260
05/28/2015  28607    296  15608   8582    308  12048    184   5006    111   3686      0      0      0   0.00   0.00      0   0.00 9662.9  0.000    0.0  0.000      0      0      0      0      0      4.000   20.470  0.004
05/29/2015  29403    309  15894   8820    303  11603    198   5491    115   3724      0      0      0   0.00   0.00      0   0.00 10254.1  0.000    0.0  0.000      0      0      0      0      0      4.000   21.030  0.000
05/30/2015  30602    326  16187   9180    293  11307    216   5807    121   3825      0      0      0   0.00   0.00      0   0.00 10868.5  0.000    0.0  0.000      0      0      0      0      0      4.000   21.280  0.000
05/31/2015  31802    342  16495   9540    284  11148    234   6028    125   3848      0      0      0   0.00   0.00      0   0.00 11506.2  0.000    0.0  0.000      0      0      0      0      0      4.000   19.820  0.177
06/01/2015  32661    357  16552   9798    278  11437    248   6171    122   3640      0      0      0   0.00   0.00      0   0.00 12172.0  0.000    0.0  0.000      0      0      0      0      0      4.000   15.140  0.031
06/02/2015  31994    371  16786   9598    278  11950    259   6265    117   3390      0      0      0   0.00   0.00      0   0.00 12811.8  0.000    0.0  0.000      0      0      0      0      0      4.000   14.530  0.051
06/03/2015  31878    386  16928   9563    279  12611    270   6296    114   3294      0      0      0   0.00   0.00      0   0.00 13452.8  0.000    0.0  0.000      0      0      0      0      0      4.000   17.270  0.000
06/04/2015  31729    383  17285   9518    302  13167    273   6162    122   3512      0      0      0   0.00   0.00      0   0.00 14090.7  0.000    0.0  0.000      0      0      0      0      0      4.000   19.890  0.000
06/05/2015  31833    385  17809   9549    328  13508    274   5969    130   3770      0      0      0   0.00   0.00      0   0.00 14731.6  0.000    0.0  0.000      0      0      0      0      0      4.000   20.840  0.000
06/06/2015  32248    387  18259   9674    355  13756    278   5866    131   3842      0      0      0   0.00   0.00      0   0.00 15381.6  0.000    0.0  0.000      0      0      0      0      0      4.000   19.570  0.035
06/07/2015  30492    393  18815   9147    383  13999    284   5849    130   3867      0      0      0   0.00   0.00      0   0.00 15994.8  0.000    0.0  0.000      0      0      0      0      0      4.000   21.200  0.000
06/08/2015  30746    403  19417   9223    406  14173    289   5891    123   3816      0      0      0   0.00   0.00      0   0.00 16614.7  0.000    0.0  0.000      0      0      0      0      0      4.000   22.010  0.000
06/09/2015  31693    414  19798   9507    426  14305    288   6068    116   3737      0      0      0   0.00   0.00      0   0.00 16526.5  0.000    0.0  0.000      0      0      0      0      0      4.000   19.870  0.291
06/10/2015  31825    427  19799   9547    446  14661    289   6326    111   3716      0      0      0   0.00   0.00      0   0.00 17171.3  0.000    0.0  0.000      0      0      0      0      0      4.000   22.650  0.000
06/11/2015  31944    443  19878   9583    457  15081    290   6413    116   3829      0      0      0   0.00   0.00      0   0.00 17818.6  0.000    0.0  0.000      0      0      0      0      0      4.000   25.080  0.000
06/12/2015  31904    453  20005   9571    472  15481    287   6293    123   4000      0      0      0   0.00   0.00      0   0.00 18464.8  0.000    0.0  0.000      0      0      0      0      0      4.000   23.870  0.000
06/13/2015  31534    455  20133   9460    494  15767    286   6272    123   4002      0      0      0   0.00   0.00      0   0.00 19101.8  0.000    0.0  0.000      0      0      0      0      0      4.000   22.780  0.059
06/14/2015  32672    460  20275   9801    518  15879    284   6400    119   3906      0      0      0   0.00   0.00      0   0.00 19009.8  0.000    0.0  0.000      0      0      0      0      0      4.000   22.930  0.350
06/15/2015  33889    468  20425  10166    537  15981    280   6426    120   3906      0      0      0   0.00   0.00      0   0.00 18915.1  0.000    0.0  0.000      0      0      0      0      0      4.000   23.520  0.256
06/16/2015  35136    477  20576  10540    547  16003    278   6458    126   3979      0      0      0   0.00   0.00      0   0.00 18817.7  0.000    0.0  0.000      0      0      0      0      0      4.000   23.230  0.370
06/17/2015  35587    485  20651  10676    559  15967    273   6569    133   4043      0      0      0   0.00   0.00      0   0.00 19537.5  0.000    0.0  0.000      0      0      0      0      0      4.000   21.610  0.067
06/18/2015  36840    492  20740  11052    563  16011    277   6616    139   4093      0      0      0   0.00   0.00      0   0.00 19435.6  0.000    0.0  0.000      0      0      0      0      0      4.000   22.500  0.654
06/19/2015  37213    501  20818  11163    561  16108    288   6608    145   4134      0      0      0   0.00   0.00      0   0.00 20188.4  0.000    0.0  0.000      0      0      0      0      0      4.000   22.100  0.102
06/20/2015  37635    509  20939  11290    564  16142    295   6612    150   4209      0      0      0   0.00   0.00      0   0.00 20948.4  0.000    0.0  0.000      0      0      0      0      0      4.000   22.150  0.165
06/21/2015  38913    518  21024  11673    568  16165    300   6707    154   4250      0      0      0   0.00   0.00      0   0.00 20837.9  0.000    0.0  0.000      0      0      0      0      0      4.000   22.260  0.972
06/22/2015  39113    526  21248  11733    569  16374    310   6836    159   4317      0      0      0   0.00   0.00      0   0.00 21625.8  0.000    0.0  0.000      0      0      0      0      0      4.000   22.610  0.000
06/23/2015  39390    537  21605  11817    566  16658    322   6915    164   4383      0      0      0   0.00   0.00      0   0.00 22419.4  0.000    0.0  0.000      0      0      0      0      0      4.000   22.840  0.098
06/24/2015  40113    549  22201  12033    562  16850    335   6978    165   4351      0      0      0   0.00   0.00      0   0.00 23228.3  0.000    0.0  0.000      0      0      0      0      0      4.000   20.830  0.000
06/25/2015  40990    575  22841  12297    567  16905    349   7110    164   4311      0      0      0   0.00   0.00      0   0.00 24055.9  0.000    0.0  0.000      0      0      0      0      0      4.000   21.650  0.000
06/26/2015  42328    602  23247  12698    575  16981    360   7205    162   4245      0      0      0   0.00   0.00      0   0.00 23938.0  0.000    0.0  0.000      0      0      0      0      0      4.000   21.110  0.280
06/27/2015  43604    633  23464  13081    581  17142    367   7195    163   4221      0      0      0   0.00   0.00      0   0.00 23817.8  0.000    0.0  0.000      0      0      0      0      0      4.000   19.680  1.012
06/28/2015  44660    667  23715  13398    584  17247    374   7212    159   4054      0      0      0   0.00   0.00      0   0.00 24729.2  0.000    0.0  0.000      0      0      0      0      0      4.000   17.120  0.047
06/29/2015  45567    695  23880  13670    590  17415    377   7200    157   3930      0      0      0   0.00   0.00      0   0.00 25658.5  0.000    0.0  0.000      0      0      0      0      0      4.000   17.330  0.000
06/30/2015  46752    714  24110  14025    600  17722    380   7099    160   3946      0      0      0   0.00   0.00      0   0.00 25532.5  0.000    0.0  0.000      0      0      0      0      0      4.000   18.920  0.594
07/01/2015  47485    735  24703  14245    608  17914    379   6883    170   4121      0      0      0   0.00   0.00      0   0.00 26498.2  0.000    0.0  0.000      0      0      0      0      0      4.000   19.630  0.059
07/02/2015  48366    747  25323  14509    626  17937    375   6779    179   4274      0      0      0   0.00   0.00      0   0.00 27481.8  0.000    0.0  0.000      0      0      0      0      0      4.000   19.670  0.000
07/03/2015  48667    759  25774  14600    648  18033    376   6734    184   4364      0      0      0   0.00   0.00      0   0.00 28471.4  0.000    0.0  0.000      0      0      0      0      0      4.000   20.240  0.000
07/04/2015  49284    780  26041  14785    662  18157    384   6759    186   4440      0      0      0   0.00   0.00      0   0.00 29474.2  0.000    0.0  0.000      0      0      0      0      0      4.000   21.130  0.043
07/05/2015  49909    802  26185  14972    674  18252    390   6832    191   4555      0      0      0   0.00   0.00      0   0.00 30490.8  0.000    0.0  0.000      0      0      0      0      0      4.000   21.940  0.000
07/06/2015  50502    817  26313  15150    687  18181    398   7044    196   4641      0      0      0   0.00   0.00      0   0.00 31519.8  0.000    0.0  0.000      0      0      0      0      0      4.000   21.830  0.000
07/07/2015  47841    825  26440  14352    702  18108    407   7269    201   4705      0      0      0   0.00   0.00      0   0.00 32491.2  0.000    0.0  0.000      0      0      0      0      0      4.000   22.020  0.000
07/08/2015  49189    832  26579  14756    714  18155    422   7441    196   4657      0      0      0   0.00   0.00      0   0.00 32359.2  0.000    0.0  0.000      0      0      0      0      0      4.000   21.730  0.449
07/09/2015  48300    840  26720  14490    724  18209    437   7564    194   4670      0      0      0   0.00   0.00      0   0.00 33339.7  0.000    0.0  0.000      0      0      0      0      0      4.000   22.650  0.110
07/10/2015  48517    849  26850  14555    736  18248    448   7700    188   4619      0      0      0   0.00   0.00      0   0.00 34323.8  0.000    0.0  0.000      0      0      0      0      0      4.000   22.090  0.012
07/11/2015  47577    859  26963  14273    751  18310    448   7734    189   4631      0      0      0   0.00   0.00      0   0.00 35287.3  0.000    0.0  0.000      0      0      0      0      0      4.000   21.900  0.000
07/12/2015  48170    868  27122  14451    764  18399    452   7794    183   4558      0      0      0   0.00   0.00      0   0.00 36262.7  0.000    0.0  0.000      0      0      0      0      0      4.000   21.990  0.012
07/13/2015  48958    879  27527  14687    775  18486    452   7764    182   4556      0      0      0   0.00   0.00      0   0.00 37254.3  0.000    0.0  0.000      0      0      0      0      0      4.000   22.330  0.165
07/14/2015  50449    888  27956  15134    787  18568    451   7724    182   4601      0      0      0   0.00   0.00      0   0.00 37116.6  0.000    0.0  0.000      0      0      0      0      0      4.000   23.130  0.508
07/15/2015  51854    897  28179  15556    801  18753    444   7647    184   4589      0      0      0   0.00   0.00      0   0.00 36976.5  0.000    0.0  0.000      0      0      0      0      0      4.000   20.850  0.713
07/16/2015  52729    916  28326  15818    812  18832    438   7663    186   4581      0      0      0   0.00   0.00      0   0.00 38047.7  0.000    0.0  0.000      0      0      0      0      0      4.000   20.950  0.000
07/17/2015  51585    935  28431  15475    824  18993    432   7655    193   4664      0      0      0   0.00   0.00      0   0.00 39094.5  0.000    0.0  0.000      0      0      0      0      0      4.000   23.630  0.000
07/18/2015  51910    948  28558  15573    832  19151    432   7617    200   4841      0      0      0   0.00   0.00      0   0.00 40148.4  0.000    0.0  0.000      0      0      0      0      0      4.000   24.720  0.016
07/19/2015  53186    958  28513  15955    842  19409    430   7613    205   4990      0      0      0   0.00   0.00      0   0.00 40006.0  0.000    0.0  0.000      0      0      0      0      0      4.000   24.630  0.280
07/20/2015  54487    967  28545  16346    850  19621    437   7761    206   5012      0      0      0   0.00   0.00      0   0.00 39861.5  0.000    0.0  0.000      0      0      0      0      0      4.000   24.070  0.445
07/21/2015  53857    980  28767  16157    858  19761    443   7902    207   4987      0      0      0   0.00   0.00      0   0.00 40957.6  0.000    0.0  0.000      0      0      0      0      0      4.000   22.770  0.004
07/22/2015  54608    987  28918  16382    866  19889    452   8002    203   4856      0      0      0   0.00   0.00      0   0.00 42070.0  0.000    0.0  0.000      0      0      0      0      0      4.000   20.820  0.000
07/23/2015  55314   1001  28990  16594    875  19936    461   8184    198   4745      0      0      0   0.00   0.00      0   0.00 43197.1  0.000    0.0  0.000      0      0      0      0      0      4.000   21.090  0.000
07/24/2015  55929   1024  29131  16778    880  19978    468   8308    199   4760      0      0      0   0.00   0.00      0   0.00 44336.8  0.000    0.0  0.000      0      0      0      0      0      4.000   22.970  0.000
07/25/2015  56443   1046  29356  16932    880  20113    471   8194    207   4927      0      0      0   0.00   0.00      0   0.00 45486.9  0.000    0.0  0.000      0      0      0      0      0      4.000   23.860  0.000
07/26/2015  56888   1064  29639  17066    882  20222    473   8088    214   5072      0      0      0   0.00   0.00      0   0.00 46646.2  0.000    0.0  0.000      0      0      0      0      0      4.000   23.790  0.008
07/27/2015  57264   1085  29866  17179    889  20327    474   8078    216   5118      0      0      0   0.00   0.00      0   0.00 47813.2  0.000    0.0  0.000      0      0      0      0      0      4.000   23.680  0.110
07/28/2015  56429   1109  30082  16928    894  20420    478   8109    217   5168      0      0      0   0.00   0.00      0   0.00 48962.0  0.000    0.0  0.000      0      0      0      0      0      4.000   24.820  0.063
07/29/2015  56722   1136  30253  17016    896  20552    482   8173    217   5196      0      0      0   0.00   0.00      0   0.00 50116.7  0.000    0.0  0.000      0      0      0      0      0      4.000   24.870  0.000
07/30/2015  57048   1161  30443  17114    899  20513    484   8340    215   5186      0      0      0   0.00   0.00      0   0.00 51277.2  0.000    0.0  0.000      0      0      0      0      0      4.000   23.820  0.126
07/31/2015  57298   1184  30567  17189    900  20546    488   8532    210   5075      0      0      0   0.00   0.00      0   0.00 52442.2  0.000    0.0  0.000      0      0      0      0      0      4.000   22.580  0.000
08/01/2015  57568   1199  30675  17270    903  20681    496   8609    206   4993      0      0      0   0.00   0.00      0   0.00 53612.5  0.000    0.0  0.000      0      0      0      0      0      4.000   22.770  0.000
08/02/2015  55795   1216  30751  16738    903  20882    501   8599    203   4939      0      0      0   0.00   0.00      0   0.00 54744.9  0.000    0.0  0.000      0      0      0      0      0      4.000   22.410  0.000
08/03/2015  57334   1227  30806  17200    911  21062    499   8535    198   4913      0      0      0   0.00   0.00      0   0.00 54590.7  0.000    0.0  0.000      0      0      0      0      0      4.000   22.660  0.280
08/04/2015  57628   1238  30893  17288    921  21198    495   8484    194   4872      0      0      0   0.00   0.00      0   0.00 55761.5  0.000    0.0  0.000      0      0      0      0      0      4.000   21.940  0.000
08/05/2015  57816   1245  30989  17344    934  21461    490   8370    192   4852      0      0      0   0.00   0.00      0   0.00 56936.8  0.000    0.0  0.000      0      0      0      0      0      4.000   22.060  0.000
08/06/2015  55525   1250  31076  16657    945  21677    481   8252    191   4791      0      0      0   0.00   0.00      0   0.00 58063.6  0.000    0.0  0.000      0      0      0      0      0      4.000   20.660  0.008
08/07/2015  56017   1256  31312  16805    956  21720    472   8170    186   4731      0      0      0   0.00   0.00      0   0.00 59200.9  0.000    0.0  0.000      0      0      0      0      0      4.000   21.490  0.126
08/08/2015  56404   1264  31609  16921    967  21695    465   8147    183   4743      0      0      0   0.00   0.00      0   0.00 60345.7  0.000    0.0  0.000      0      0      0      0      0      4.000   23.180  0.000
08/09/2015  56708   1272  32012  17012    974  21680    457   8050    186   4909      0      0      0   0.00   0.00      0   0.00 61496.8  0.000    0.0  0.000      0      0      0      0      0      4.000   25.420  0.000
08/10/2015  57060   1287  32394  17118    973  21647    448   7962    188   4989      0      0      0   0.00   0.00      0   0.00 62655.3  0.000    0.0  0.000      0      0      0      0      0      4.000   23.190  0.035
08/11/2015  58718   1301  32650  17615    973  21621    442   7977    182   4886      0      0      0   0.00   0.00      0   0.00 62497.8  0.000    0.0  0.000      0      0      0      0      0      4.000   20.900  0.268
08/12/2015  58981   1318  32747  17694    972  21696    440   8087    173   4647      0      0      0   0.00   0.00      0   0.00 63697.0  0.000    0.0  0.000      0      0      0      0      0      4.000   19.470  0.000
08/13/2015  59285   1336  32865  17785    965  21754    438   8099    169   4542      0      0      0   0.00   0.00      0   0.00 64902.8  0.000    0.0  0.000      0      0      0      0      0      4.000   20.290  0.000
08/14/2015  59619   1348  33046  17885    960  21652    430   8072    174   4632      0      0      0   0.00   0.00      0   0.00 66115.5  0.000    0.0  0.000      0      0      0      0      0      4.000   22.160  0.000
08/15/2015  59962   1351  33234  17988    961  21500    421   8003    178   4764      0      0      0   0.00   0.00      0   0.00 67334.4  0.000    0.0  0.000      0      0      0      0      0      4.000   22.020  0.012
08/16/2015  60333   1355  33382  18099    958  21425    416   7898    182   4873      0      0      0   0.00   0.00      0   0.00 68560.4  0.000    0.0  0.000      0      0      0      0      0      4.000   22.440  0.000
08/17/2015  60659   1363  33523  18197    947  21443    418   7795    183   4950      0      0      0   0.00   0.00      0   0.00 69793.7  0.000    0.0  0.000      0      0      0      0      0      4.000   23.700  0.000
08/18/2015  61017   1372  33697  18305    937  21321    416   7778    182   4953      0      0      0   0.00   0.00      0   0.00 71034.8  0.000    0.0  0.000      0      0      0      0      0      4.000   21.850  0.004
08/19/2015  61343   1378  33921  18402    930  21115    412   7885    182   4971      0      0      0   0.00   0.00      0   0.00 72282.8  0.000    0.0  0.000      0      0      0      0      0      4.000   22.610  0.000
08/20/2015  63043   1383  34039  18912    919  20904    413   8098    176   4831      0      0      0   0.00   0.00      0   0.00 72116.0  0.000    0.0  0.000      0      0      0      0      0      4.000   20.480  0.457
08/21/2015  61791   1388  34153  18537    902  20788    416   8189    173   4732      0      0      0   0.00   0.00      0   0.00 73372.8  0.000    0.0  0.000      0      0      0      0      0      4.000   19.280  0.000
08/22/2015  61974   1399  34283  18592    886  20754    421   8224    166   4594      0      0      0   0.00   0.00      0   0.00 74633.0  0.000    0.0  0.000      0      0      0      0      0      4.000   19.620  0.000
08/23/2015  62224   1404  34420  18667    873  20729    420   8165    167   4655      0      0      0   0.00   0.00      0   0.00 75898.2  0.000    0.0  0.000      0      0      0      0      0      4.000   21.640  0.000
08/24/2015  63848   1410  34510  19154    866  20748    415   8048    166   4689      0      0      0   0.00   0.00      0   0.00 75729.0  0.000    0.0  0.000      0      0      0      0      0      4.000   20.300  0.307
08/25/2015  64034   1416  34554  19210    858  20832    409   7868    161   4543      0      0      0   0.00   0.00      0   0.00 77034.9  0.000    0.0  0.000      0      0      0      0      0      4.000   16.590  0.000
08/26/2015  64247   1424  34683  19274    852  20830    405   7867    152   4293      0      0      0   0.00   0.00      0   0.00 78345.2  0.000    0.0  0.000      0      0      0      0      0      4.000   16.490  0.000
08/27/2015  64434   1426  34720  19330    851  20928    398   7766    148   4186      0      0      0   0.00   0.00      0   0.00 79659.0  0.000    0.0  0.000      0      0      0      0      0      4.000   17.820  0.000
08/28/2015  64723   1428  34621  19416    846  20932    388   7580    154   4398      0      0      0   0.00   0.00      0   0.00 80980.4  0.000    0.0  0.000      0      0      0      0      0      4.000   20.270  0.000
08/29/2015  63680   1432  34585  19104    842  20819    375   7428    165   4739      0      0      0   0.00   0.00      0   0.00 82279.8  0.000    0.0  0.000      0      0      0      0      0      4.000   22.710  0.000
08/30/2015  63961   1431  34639  19188    836  20613    370   7358    170   4946      0      0      0   0.00   0.00      0   0.00 83584.9  0.000    0.0  0.000      0      0      0      0      0      4.000   21.890  0.161
08/31/2015  64139   1421  34598  19241    833  20598    369   7323    171   5030      0      0      0   0.00   0.00      0   0.00 84894.3  0.000    0.0  0.000      0      0      0      0      0      4.000   22.080  0.004
